"IDself"	"IDother"
12919	12912
12919	12901
12919	12923
12919	12904
12919	12927
12919	12917
12919	12918
12919	12926
12919	12921
12921	12920
12921	12903
12921	12914
12921	12927
12921	12917
12921	12926
12921	12919
12921	12928
12909	12903
12909	12905
12909	12914
12909	12904
12909	12908
12909	12907
12909	12928
12909	12906
12915	12903
12915	12915
12915	12908
12915	12916
12915	12902
12922	NA
12922	12925
12922	88882
12922	12918
12925	NA
12925	12922
12925	12925
12925	88882
12924	12913
12924	12912
12924	12923
12924	12918
12924	12911
12918	12913
12918	12909
12918	12920
12918	NA
12918	12901
12918	88882
12918	12927
12918	12917
12918	12918
12918	12926
12918	12924
12918	12911
12918	12919
12901	12909
12901	12903
12901	12912
12901	12914
12901	12927
12901	12917
12901	12918
12901	12908
12901	12926
12901	12919
12901	12928
12901	12902
12906	12909
12906	12903
12906	12905
12906	12914
12906	12904
12906	12907
12907	12909
12907	12903
12907	12905
12907	12914
12907	12904
12907	12908
12907	12928
12907	12906
12902	12909
12902	12920
12902	12903
12902	12901
12902	12915
12902	12914
12902	12927
12902	12908
12902	12907
12902	12928
12902	12916
12917	12901
12917	12927
12917	12917
12917	12926
12917	12919
12912	12913
12912	12923
12912	12918
12912	12924
12912	12911
12926	12901
12926	12927
12926	12917
12926	12918
12926	12926
12926	12919
12904	12909
12904	12903
12904	12905
12904	12914
12904	12908
12904	12907
12904	12928
12904	12906
12916	12909
12916	12903
12916	88882
12916	12915
12916	12914
12916	12908
12916	12907
12916	12928
12916	12902
12913	12912
12913	12923
12913	12918
12913	12924
12913	12911
12923	12913
12923	12909
12923	12920
12923	12903
12923	12912
12923	12901
12923	12905
12923	12923
12923	12914
12923	12904
12923	12927
12923	12917
12923	12918
12923	12908
12923	12926
12923	12924
12923	12911
12923	12919
12923	12907
12903	12913
12903	12909
12903	12920
12903	12903
12903	12912
12903	12901
12903	12905
12903	12915
12903	12923
12903	12914
12903	12904
12903	12927
12903	12917
12903	12918
12903	12908
12903	12926
12903	12924
12903	12911
12903	12919
12903	12907
12903	12921
12903	12928
12903	12916
12903	12906
12903	12902
12928	12909
12928	12903
12928	12901
12928	12905
12928	12914
12928	12904
12928	12927
12928	12908
12928	12907
12928	12921
12928	12928
12928	12916
12928	12906
12928	12902
12927	12903
12927	12901
12927	12923
12927	12914
12927	12904
12927	12917
12927	12918
12927	12908
12927	12926
12927	12919
12911	12913
12911	12903
12911	12912
12911	12923
12911	12927
12911	12918
12911	12924
12911	12919
12911	12907
12908	12909
12908	12920
12908	12903
12908	12901
12908	12905
12908	12915
12908	12914
12908	12904
12908	12927
12908	12917
12908	12918
12908	12926
12908	12919
12908	12907
12908	12928
12908	12916
12908	12906
12908	12902
12905	12909
12905	12904
12905	12918
12905	12907
12905	12906
12920	12909
12920	12903
12920	NA
12920	12905
12920	12914
12920	12904
12920	12927
12920	12918
12920	12908
12920	12919
12914	12909
12914	12920
12914	12903
12914	12901
12914	12905
12914	12904
12914	12907
12914	12928
12914	12906
12914	12902
