"IDself"	"IDother"
12209	12201
12209	12211
12209	12212
12209	88889
12224	12223
12224	12226
12214	12216
12214	12218
12214	12213
12214	12206
12214	12215
12214	12221
12214	12207
12214	12225
12204	12202
12204	12201
12204	12211
12204	12209
12204	12221
12204	88887
12204	12212
12204	12226
12204	88888
12204	12204
12213	12216
12213	12213
12213	12206
12213	12214
12213	12221
12203	88888
12203	12204
12217	12221
12217	12217
12217	12208
12217	12205
12217	12225
12221	12216
12221	12218
12221	12227
12221	12213
12221	12220
12221	12215
12221	12214
12221	12219
12221	12217
12221	88888
12221	12204
12221	12208
12221	12205
12221	12225
12227	12202
12227	12201
12227	12218
12227	12209
12227	12220
12227	12215
12227	12219
12227	12226
12227	12205
12220	12218
12220	12227
12220	12220
12220	12215
12220	12219
12220	12221
12220	12205
12220	12225
12211	12209
12211	12212
12211	88889
12206	12216
12206	12218
12206	12213
12206	12223
12206	12224
12206	12214
12226	12227
12226	12223
12226	12224
12208	12218
12208	12227
12208	12213
12208	12206
12208	12220
12208	12215
12208	12214
12208	12219
12208	12221
12208	12207
12208	12217
12208	12205
12208	12225
12205	12218
12205	12227
12205	12220
12205	12215
12205	12221
12205	12217
12205	12208
12205	12225
12218	12202
12218	12216
12218	12201
12218	12218
12218	12227
12218	12211
12218	12213
12218	12223
12218	12206
12218	12209
12218	12220
12218	12224
12218	12215
12218	12214
12218	12219
12218	12221
12218	88887
12218	12212
12218	12226
12218	12207
12218	12217
12218	88888
12218	12204
12218	12208
12218	12205
12218	12225
12218	88889
12212	12202
12212	12211
12212	12209
12216	12216
12216	12218
12216	12213
12216	12206
12216	12214
12216	12207
12223	12218
12223	12227
12223	12223
12223	12206
12223	12220
12223	12224
12223	12226
12201	12202
12201	12227
12201	12209
12201	12215
12201	88887
12201	12212
12201	88888
12201	12204
12219	12202
12219	12216
12219	12201
12219	12218
12219	12227
12219	12209
12219	12220
12219	12215
12219	12219
12219	12208
12219	12205
12219	12225
12225	12216
12225	12218
12225	12227
12225	12213
12225	12206
12225	12215
12225	12214
12225	12219
12225	12221
12225	12217
12225	12208
12225	12205
12215	12218
12215	12227
12215	12220
12215	12219
12202	12227
12202	12209
12202	12219
12202	12212
12207	12216
12207	12201
12207	12213
12207	12206
12207	12209
12207	12220
12207	12214
12207	12221
12207	12217
12207	88888
12207	12208
12207	12205
