"IDself"	"IDother"
12102	12104
12102	12108
12102	12106
12102	12102
12102	12111
12112	12104
12112	12110
12112	12108
12112	12106
12112	12109
12112	12112
12112	12111
12103	12106
12103	12117
12103	12118
12103	12119
12103	12120
12103	12115
12105	12110
12105	12108
12105	12116
12105	12109
12105	89001
12105	12107
12105	89002
12105	12115
12105	12111
12104	12108
12104	12106
12104	12102
12104	12112
12104	12111
12106	12104
12106	12108
12106	12106
12106	12102
12106	12111
12116	12110
12116	12108
12116	12109
12116	12107
12116	89002
12116	12105
12116	12115
12117	12122
12117	12121
12117	12117
12117	12118
12117	12119
12117	12120
12117	12103
12117	12113
12119	12117
12119	12118
12119	12119
12119	12120
12119	12103
12119	12113
12121	12122
12121	12117
12121	12128
12126	12123
12126	12124
12126	12126
12126	12128
12118	12117
12118	12119
12118	12120
12118	12103
12109	12110
12109	12108
12109	12116
12109	89001
12109	12107
12109	89002
12109	12114
12109	12105
12109	12115
12109	12113
12115	12110
12115	12108
12115	12116
12115	12109
12115	89001
12115	12107
12115	89002
12115	12114
12115	12105
12115	12113
12122	12122
12122	12121
12122	12117
12122	12128
12120	12117
12120	12118
12120	12119
12120	12103
12120	12113
12110	12104
12110	12110
12110	12108
12110	12106
12110	12116
12110	12109
12110	89001
12110	12107
12110	89002
12110	12114
12110	12102
12110	12112
12110	12105
12110	12115
12110	12111
12111	12104
12111	12110
12111	12108
12111	12106
12111	12116
12111	12109
12111	12114
12111	12102
12111	12112
12127	12122
12127	12121
12127	12123
12127	12117
12127	12124
12127	12126
12127	12128
12114	12104
12114	12110
12114	12109
12114	89001
12114	12107
12114	12114
12114	12115
12114	12111
12107	12110
12107	12108
12107	12106
12107	12116
12107	12109
12107	89001
12107	12107
12107	12114
12107	12115
12107	12111
12128	12122
12128	12121
12128	12123
12128	12117
12128	12124
12128	12127
12128	12126
12128	12128
12123	12124
12124	12123
12113	12109
12113	89002
12113	12114
12113	12120
12113	12103
12113	12115
12108	12104
12108	12110
12108	12106
12108	12116
12108	12109
12108	12107
12108	89002
12108	12102
12108	12105
12108	12115
12108	12111
