"IDself"	"IDother"
12824	12823
12824	12826
12824	88883
12818	NA
12818	12819
12818	88883
12818	NA
12802	88882
12802	12825
12802	12822
12802	12827
12813	12814
12813	12820
12813	12813
12814	12824
12814	12818
12814	12820
12814	12807
12814	88883
12814	NA
12814	12813
12826	12829
12826	88881
12826	12823
12826	12818
12826	12814
12826	12807
12826	12825
12826	12822
12826	12802
12826	12827
12823	12829
12823	88881
12823	12823
12823	12826
12823	12824
12823	88882
12823	12825
12823	12802
12823	12827
12823	12813
12825	88881
12825	12823
12825	12826
12825	12802
12825	12827
12830	12829
12830	88882
12830	12825
12830	12802
12830	12827
12820	12823
12820	12824
12820	12827
12820	12813
12827	12829
12827	NA
12827	88881
12827	12823
12827	12826
12827	12824
12827	88882
12827	12820
12827	12825
12827	12822
12827	88883
12827	12809
12827	12802
12811	12810
12811	12812
12811	12823
12811	12826
12811	88882
12811	12815
12811	NA
12811	12822
12811	12809
12811	12802
12829	88881
12829	12823
12829	88882
12829	12830
12829	12822
12829	12802
12816	12805
12816	88881
12816	12826
12816	12824
12816	12818
12816	12819
12816	12820
12816	12807
12816	12822
12816	12806
12816	88883
12808	NA
12808	12823
12808	12824
12808	12818
12808	12807
12808	88883
12808	NA
12808	12827
12812	12810
12812	88882
12812	12815
12812	NA
12812	12809
12819	NA
12819	88881
12819	12826
12819	12818
12819	12814
12819	12819
12819	12820
12819	12807
12819	88883
12819	NA
12819	12813
12809	12810
12809	12812
12809	88882
12809	12815
12809	NA
12815	12810
12815	12812
12815	88882
12815	NA
12815	12809
12805	NA
12805	12812
12805	12826
12805	12818
12805	NA
12805	12807
12805	12822
12805	12806
12805	88883
12805	12809
12805	NA
12806	12805
12806	NA
12806	12826
12806	12818
12806	12807
12806	12822
12806	88883
12806	NA
12810	12810
12810	12812
12810	88882
12810	12815
12810	NA
12810	12809
12807	12805
12807	12819
12807	12806
12807	NA
