"IDself"	"IDother"
11698	11607
11698	11610
11698	11612
11697	11662
11697	11693
11697	11663
11697	11648
11697	11606
11697	11630
11697	11624
11607	11665
11607	11698
11607	11687
11607	11610
11607	11612
11648	11630
11648	11606
11693	11662
11693	11663
11693	11687
11693	11697
11654	98944
11654	11644
11654	11688
11654	11605
11654	11634
11654	11621
11606	11648
11606	11606
11644	11662
11644	98944
11644	11688
11644	11654
11644	11687
11644	11605
11644	11634
11644	11621
11610	11607
11610	11698
11610	11676
11610	11610
11610	11612
11657	11648
11657	11606
11657	11624
11657	11683
11662	11693
11662	98944
11662	11663
11662	11644
11662	11648
11662	11688
11662	11687
11662	11605
11662	11634
11662	11676
11662	11621
11662	11697
11676	11662
11676	11665
11676	11698
11676	11648
11676	11687
11676	11610
11676	11697
11676	11612
11688	98944
11688	11644
11688	11654
11688	11605
11688	11634
11688	11621
11605	98944
11605	11644
11605	11688
11605	11654
11605	11634
11605	11621
11624	11663
11624	11653
11624	11648
11624	11630
11624	11697
11683	11606
11683	11610
11683	11657
11683	11612
11665	11634
11663	11662
11663	11693
11663	11653
11663	11648
11663	98945
11663	11606
11663	11697
11621	11644
11621	11688
11621	11654
11621	11605
11687	11665
11687	11644
11687	11634
11612	11665
11612	11607
11612	11698
11612	11687
11612	11676
11612	11610
