"IDself"	"IDother"
11591	11551
11591	11590
11585	11510
11585	11573
11585	11574
11585	11582
11585	11501
11585	11585
11585	11560
11585	11563
11501	11521
11501	11510
11501	11574
11501	98943
11501	11597
11501	11543
11501	11525
11501	11511
11501	11548
11501	11560
11501	11563
11521	11564
11521	11516
11521	98943
11521	11597
11521	11501
11521	11543
11521	11525
11521	11511
11521	11541
11521	11548
11564	11521
11564	11516
11564	11543
11564	11511
11564	11541
11564	11548
11582	11573
11582	11585
11551	11591
11551	11564
11551	11521
11551	11516
11551	11590
11551	11543
11551	11525
11551	11511
11551	11541
11551	11548
11551	11560
11559	11510
11559	11573
11559	11574
11559	98943
11559	11597
11559	11501
11559	11525
11559	11560
11559	11563
11560	11510
11560	11573
11560	11574
11560	98943
11560	11559
11560	11582
11560	11597
11560	11501
11560	11525
11560	11585
11560	11563
11541	11551
11541	11564
11541	11521
11541	11516
11541	11590
11541	11543
11541	11511
11541	11548
11597	11551
11597	11591
11597	11564
11597	11521
11597	11510
11597	11520
11597	11516
11597	11573
11597	11574
11597	11590
11597	98943
11597	11559
11597	11582
11597	11597
11597	11501
11597	11543
11597	11525
11597	11511
11597	11541
11597	11548
11597	11585
11597	11560
11597	11563
11573	11510
11573	11574
11573	11582
11573	11501
11573	11585
11573	11560
11573	11563
11590	11551
11590	11591
11563	11521
11563	11510
11563	98943
11563	11597
11563	11501
11563	11525
11563	11511
11563	11541
11563	11548
11563	11560
11525	98943
11525	11597
11548	11564
11548	11521
11548	11510
11548	11516
11548	11501
11548	11543
11548	11511
11548	11560
11548	11563
11520	11516
11511	11564
11511	11521
11511	11516
11511	11543
11511	11541
11511	11548
11516	11564
11516	11521
11516	11516
11516	11543
11516	11511
11516	11541
11516	11548
11543	11564
11543	11521
11543	11516
11543	11511
11543	11548
11574	11510
11574	11573
11574	11559
11574	11560
11510	11573
11510	11574
11510	98943
11510	11597
11510	11501
11510	11525
11510	11560
11510	11563
