"IDself"	"IDother"
11795	11788
11795	11794
11795	11724
11795	98947
11795	11702
11795	11712
11795	11711
11795	11722
11795	11795
11795	11706
11795	11713
11785	11784
11785	98946
11785	11759
11785	11757
11785	11755
11785	98948
11712	11788
11712	11794
11712	11724
11712	98947
11712	11702
11712	11711
11712	11795
11712	11706
11712	11728
11768	11760
11768	11755
11768	11736
11724	11723
11724	98946
11724	11759
11724	11794
11724	98947
11724	11702
11724	11712
11724	11722
11724	11795
11724	11706
11724	11713
11724	11755
11794	11788
11794	11712
11794	11711
11794	11790
11794	11795
11794	11728
11723	11724
11723	98947
11723	11722
11723	11713
11711	11723
11711	11794
11711	11724
11711	98947
11711	11712
11711	11722
11711	11795
11711	11706
11711	11713
11790	11788
11790	98946
11790	11757
11790	11794
11790	98948
11790	11760
11790	11727
11790	11755
11790	11768
11790	11736
11736	98948
11736	11710
11736	11760
11736	11727
11736	11768
11736	11728
11710	11759
11710	98948
11710	11760
11710	11740
11710	11736
11707	11740
11707	11739
11707	11727
11707	11728
11759	11784
11759	98946
11759	11759
11759	11757
11759	11710
11759	11712
11759	11740
11759	98948
11706	11723
11706	11724
11706	98947
11706	11702
11706	11712
11706	11790
11706	11722
11706	11795
11706	11706
11706	11713
11706	11755
11784	11785
11784	98946
11784	11759
11784	11757
11784	98948
11727	98946
11727	11757
11727	11707
11727	11727
11727	11736
11727	98948
11727	11728
11739	11740
11739	11739
11739	11707
11739	11755
11739	11768
11722	11723
11722	11724
11722	98947
11722	11702
11722	11712
11722	11711
11722	11722
11722	11795
11722	11706
11722	11713
11760	98948
11760	11755
11760	11768
11760	11736
11713	11723
11713	11724
11713	98947
11713	11760
11713	11702
11713	11712
11713	11711
11713	11722
11713	11795
11713	11706
11740	98948
11740	11710
11740	11739
11740	11707
11702	11723
11702	11724
11702	98947
11702	11702
11702	11722
11702	11706
11702	11713
11757	11784
11757	11785
11757	11788
11757	98946
11757	11790
11757	11727
11757	11755
11757	98948
11788	98946
11788	11757
11788	11794
11788	11712
11788	11790
11788	11795
11788	11755
11732	11784
11755	11788
11755	98946
11755	11759
11755	11757
11755	11760
11755	11790
11755	11706
11755	11768
11728	11707
11728	11727
11728	11736
