"IDself"	"IDother"
12701	12726
12701	12715
12701	12712
12701	12704
12701	12713
12726	12709
12726	12712
12726	12713
12726	12727
12704	12726
12704	12715
12704	12713
12704	12727
12704	12701
12711	88882
12711	12720
12711	12705
12711	12712
12711	12708
12711	12716
12711	12706
12711	12710
12711	12711
12711	12703
12710	88882
12710	12720
12710	12709
12710	12721
12710	12705
12710	12712
12710	12708
12710	12707
12710	12723
12710	12716
12710	88881
12710	12719
12710	12706
12710	12710
12710	12711
12710	12718
12710	12703
12708	12724
12708	12720
12708	12709
12708	12721
12708	12712
12708	12708
12708	12723
12708	12716
12708	12710
12708	12711
12708	12713
12708	12718
12708	12725
12727	12726
12727	12709
12727	12721
12727	12715
12727	12712
12727	12713
12727	12727
12724	12724
12724	12720
12724	12709
12724	12721
12724	12715
12724	12712
12724	12708
12724	12723
12724	88881
12724	12719
12724	12722
12724	12713
12724	12717
12724	12718
12724	12725
12703	88882
12703	12705
12703	12707
12703	12706
12703	12710
12703	12711
12705	88882
12705	12707
12705	12706
12705	12710
12705	12711
12705	12703
12725	12724
12725	12720
12725	12721
12725	12712
12725	12708
12725	12723
12725	12716
12725	12710
12725	12711
12725	12722
12725	12717
12725	12718
12725	12725
12722	12724
12722	12720
12722	12721
12722	12723
12722	12716
12722	12719
12722	12722
12722	12727
12722	12717
12722	12718
12722	12725
12706	88882
12706	12705
12706	12707
12706	12706
12706	12710
12706	12711
12706	12703
12721	12724
12721	12720
12721	12709
12721	12721
12721	12712
12721	12708
12721	12723
12721	12716
12721	12713
12721	12718
12721	12725
12723	12724
12723	12720
12723	12709
12723	12721
12723	12712
12723	12708
12723	12716
12723	12719
12723	12710
12723	12711
12723	12727
12723	12718
12723	12725
12716	12724
12716	12720
12716	12715
12716	12712
12716	12716
12716	88881
12716	12719
12716	12717
12716	12718
12716	12725
12717	12724
12717	12720
12717	12721
12717	12723
12717	12716
12717	88881
12717	12719
12717	12718
12717	12725
12718	12724
12718	12720
12718	12721
12718	12712
12718	12723
12718	12716
12718	12719
12718	12722
12718	12717
12707	88882
12707	12705
12707	88881
12707	12719
12707	12706
12707	12710
12707	12711
12707	12703
12720	12724
12720	12720
12720	12709
12720	12721
12720	12712
12720	12708
12720	12723
12720	12716
12720	12719
12720	12710
12720	12711
12720	12717
12720	12718
12720	12725
12713	12726
12713	12709
12713	12721
12713	12712
12713	12706
12713	12704
12713	12713
12713	12727
12713	12701
12712	12724
12712	12726
12712	12720
12712	12709
12712	12721
12712	12715
12712	12712
12712	12708
12712	12723
12712	12716
12712	88881
12712	12719
12712	12710
12712	12711
12712	12722
12712	12713
12712	12727
12712	12717
12712	12718
12712	12725
12712	12701
12715	12726
12715	12709
12715	12721
12715	12712
12715	12713
12715	12727
12709	12724
12709	12726
12709	12720
12709	12709
12709	12721
12709	12715
12709	12712
12709	12708
12709	12723
12709	12716
12709	88881
12709	12719
12709	12704
12709	12710
12709	12711
12709	12722
12709	12713
12709	12727
12709	12717
12709	12701
