"IDself"	"IDother"
12504	88888
12504	12525
12504	12506
12504	12524
12504	12515
12504	12523
12521	12508
12521	88888
12521	12525
12521	NA
12521	12520
12521	12519
12521	12514
12521	12516
12521	12522
12521	12503
12521	12524
12521	12513
12517	12520
12517	12517
12517	12518
12517	12519
12517	12522
12517	12513
12516	12508
12516	88888
12516	NA
12516	12520
12516	12519
12516	12514
12516	12522
12516	12521
12516	12510
12516	12512
12514	12508
12514	88888
12514	NA
12514	12520
12514	12517
12514	12519
12514	12514
12514	12516
12514	12521
12512	12520
12512	88889
12512	12519
12512	12516
12512	12510
12512	12511
12509	12529
12509	12502
12509	88889
12509	12528
12505	12529
12505	12509
12505	12502
12505	12518
12505	88889
12505	12503
12505	12510
12505	12524
12505	12512
12505	12511
12505	12513
12505	12528
12506	12525
12506	12504
12506	12506
12506	12530
12506	12503
12506	12527
12506	12524
12506	12515
12506	12523
12508	12508
12508	88888
12508	NA
12508	12520
12508	12519
12508	12514
12508	12516
12508	12522
12508	12521
12528	12529
12528	12509
12528	12502
12528	12505
12528	12518
12528	88889
12528	12515
12523	88888
12523	12525
12523	12504
12523	12506
12523	12524
12523	12515
12507	12508
12507	88888
12507	NA
12507	12520
12507	12519
12507	12514
12507	12516
12507	12522
12507	12521
12529	12529
12529	12509
12529	12502
12529	12525
12529	12505
12529	12518
12529	88889
12529	12524
12529	12515
12529	12528
12518	12529
12518	12502
12518	12517
12518	12505
12518	12518
12518	88889
12518	12513
12518	12528
12513	12520
12513	12517
12513	12505
12513	12518
12513	12519
12513	12514
12513	12516
12513	12530
12513	12522
12513	12503
12513	12521
12513	12524
12513	12515
12513	12513
12513	12523
12527	12517
12527	12530
12527	12522
12527	12503
12527	12527
12527	12524
12527	12515
12527	12513
12519	12508
12519	88888
12519	NA
12519	12520
12519	12514
12519	12516
12519	12522
12519	12521
12510	12520
12510	12519
12510	12514
12510	12516
12510	12512
12510	12511
12502	12529
12502	12509
12502	12502
12502	12525
12502	12505
12502	12518
12502	88889
12502	12524
12502	12512
12502	12523
12502	12528
12530	12517
12530	88889
12530	12522
12530	12503
12530	12527
12530	12513
12524	88888
12524	12525
12524	12517
12524	12504
12524	12519
12524	12506
12524	12530
12524	12515
12525	12529
12525	88888
12525	12525
12525	12504
12525	12519
12525	12521
12525	12524
12525	12515
12525	12523
12525	12528
12515	12529
12515	88888
12515	12525
12515	12517
12515	12504
12515	12506
12515	12527
12515	12524
12515	12523
12522	12508
12522	88888
12522	NA
12522	12520
12522	12517
12522	12519
12522	12514
12522	12516
12522	12522
12522	12521
12520	12508
12520	88888
12520	NA
12520	12519
12520	12514
12520	12516
12520	12522
12520	12521
12503	12529
12503	12502
12503	12520
12503	12514
12503	12530
12503	12527
12503	12521
12503	12524
12503	12515
12503	12513
12503	12528
12511	88889
12511	12510
12511	12512
