"IDself"	"IDother"
12409	12410
12409	12408
12409	12407
12421	12406
12421	12404
12421	12402
12421	12410
12421	12408
12421	12420
12421	12409
12421	12416
12421	12405
12421	12403
12421	12421
12421	12401
12421	12418
12404	12406
12404	12402
12404	12420
12404	12405
12404	12403
12404	12421
12404	12401
12420	12404
12420	12416
12420	12421
12420	12419
12420	12418
12410	12410
12410	12408
12410	12409
12410	12407
12415	12415
12415	12416
12415	12417
12415	12419
12415	12418
12417	88888
12417	12420
12417	12415
12417	12416
12417	12421
12417	12419
12417	12418
12417	12424
12411	12413
12411	12412
12411	88888
12411	12426
12411	12411
12411	12423
12411	12414
12411	12424
12412	12413
12412	12426
12412	12411
12412	12423
12412	12424
12401	12406
12401	12404
12401	12402
12401	12420
12401	12405
12401	12403
12401	12421
12401	12401
12419	12420
12419	12415
12419	12416
12419	12417
12419	12421
12419	12418
12419	12414
12418	12420
12418	12415
12418	12416
12418	12417
12418	12421
12418	12419
12407	12413
12407	12410
12407	12411
12407	12408
12407	12420
12407	12409
12407	12421
12407	12407
12407	12414
12407	12424
12423	12413
12423	12412
12423	12411
12423	12424
12426	12413
12426	12412
12426	88888
12426	12426
12426	12411
12426	12423
12426	12414
12426	12424
12424	12413
12424	12412
12424	88888
12424	12426
12424	12411
12424	12423
12424	12414
12424	12424
12416	12420
12416	12415
12416	12417
12416	12421
12416	12418
12402	12406
12402	12404
12402	12402
12402	12405
12402	12403
12402	12401
12405	12406
12405	12404
12405	12402
12405	12403
12405	12401
12408	12410
12408	12408
12408	12420
12408	12409
12408	12421
12408	12407
12414	12413
12414	12412
12414	88888
12414	12426
12414	12411
12414	12409
12414	12423
12414	12407
12414	12414
12414	12424
12413	12412
12413	88888
12413	12426
12413	12410
12413	12411
12413	12408
12413	12420
12413	12409
12413	12423
12413	12407
12413	12414
12413	12424
12403	12406
12403	12404
12403	12402
12403	12420
12403	12405
12403	12421
12403	12401
12406	12404
12406	12402
12406	12420
12406	12405
12406	12403
12406	12421
12406	12401
